2001
2002
2007
2012
202
2029
2034
2041
2043
2045
21
2046
2047
2048
2050
2051
2052
2053
2055
2059
2060
2061
2062
2063
2065
2066
2067
2069
2072
2074
208
2077
2078
2080
2082
2083
2084
2085
2086
2087
2088
2092
2096
2097
2098
2102
2104
2121
2123
2124
2130
2134
2135
2146
2147
2148
2149
2154
22
2155
216
2169
2171
2172
2174
218
2193
2194
2195
2196
2198
2201
2203
222
2219
2221
2222
2225
2227
2235
2236
224
2254
2256
2257
226
229
23
2296
230
2300
231
2304
232
233
234
235
236
2362
2363
2364
2366
237
238
2390
2398
2400
2401
2408
2410
2412
2413
2419
2420
2421
2422
2427
2435
25
2475
2485
2487
2488
2492
2505
2510
2514
2516
2521
2536
2539
2540
2541
2542
2543
2545
2601
2604
2605
27
2634
2636
2639
2641
2644
2658
2660
2674
2675
2676
2677
2678
2680
2690
2701
2710
273
2747
2755
2757
2759
2763
2766
2768
2769
2779
2781
2783
2803
2819
2821
2833
2837
2843
2858
29
2867
2870
2872
2917
2918
2942
296
299
2995
3002
3008
301
3012
3013
3014
3020
3023
3024
3050
3062
3076
3088
3100
3101
32
3129
3137
3144
3150
3151
3154
3155
3157
3181
323
3228
3252
3253
3258
3260
3261
3262
3263
3266
3267
3271
3272
3298
3299
3302
3332
3336
3337
3341
3344
3346
3349
3361
3364
3366
3369
3370
3376
3378
341
343
344
3442
3443
345
3453
347
3474
3477
3483
3495
3496
3497
3501
351
3519
3544
3547
3557
3593
3607
3628
3631
3632
37
3659
3660
3672
3689
3690
3691
3697
3719
3722
3723
3734
3736
3737
3738
3740
3742
3743
3756
3764
3767
4
3768
377
3772
3787
3789
3790
3791
3794
3795
3798
3802
381
3807
3809
3810
3811
3813
382
3823
3825
3827
3834
3837
3838
3873
3876
3879
3880
3882
3883
3886
3887
3889
3891
3897
3898
3899
3900
3902
3904
3906
3907
3909
3914
3915
3916
3917
3918
3919
3927
3948
395
3949
40
3952
3959
3960
397
3964
3965
3969
3978
3984
3992
4006
4013
4014
4016
4019
4020
402
4021
4022
4025
403
4057
4059
4069
4071
41
408
4084
4086
4091
410
4092
4093
4098
4099
4130
4132
4137
42
4147
4151
4152
4158
4160
4165
4166
4168
4171
4174
4175
4184
4185
4186
4211
4221
4222
4229
4230
4231
4232
4234
4236
4245
4248
4251
4253
427
4263
4265
4269
4276
4280
430
431
4312
4315
4325
4327
4332
4336
4337
4352
5
4382
439
440
4425
4427
443
4430
4434
4436
445
4448
4450
446
448
4482
4483
4484
4487
4494
4495
4506
472
474
476
477
485
491
499
51
516
517
518
55
545
546
549
550
551
552
554
56
57
572
58
575
576
578
59
590
592
594
595
596
60
598
599
600
605
606
608
62
615
619
629
632
635
659
661
664
675
676
692
694
695
70
697
699
703
707
8
713
72
724
727
732
737
743
758
761
762
763
773
774
775
779
80
81
83
838
9
85
846
87
870
877
878
879
881
884
889
890
891
892
91
92
933
946
95
96
963
964
965
967
968
970
971
977
99
990
100
994
995
996
997
1000
1001
1002
1008
1009
1011
1013
1015
1020
1021
1049
1055
1056
1074
109
1105
1106
1107
1109
1110
113
1125
114
1145
1147
116
1155
1161
1182
1189
1190
1197
1198
1200
1205
121
1208
1211
1213
1214
1215
1219
1220
1226
1227
1233
1235
1265
1268
1269
1272
1292
1294
1295
1296
1297
1298
1299
1300
1306
14
1312
1313
1323
1325
1330
1332
1333
1334
1335
1336
1337
1344
1345
1360
1362
1371
1382
1383
1385
1390
1391
1392
1393
1394
1395
1403
1406
1407
1408
1409
1410
1412
1413
1414
1437
1439
1441
1444
1445
1446
1447
1452
1457
15
1471
1478
149
1483
1485
1486
150
1500
1508
1516
1529
1541
1546
1557
1561
1562
1563
1565
1566
1572
1578
1579
1599
1600
1601
1603
1606
1609
1615
1617
1619
162
1625
1626
1627
1632
164
1633
1638
1640
1643
165
1645
1648
166
1656
1661
1662
1663
1665
1674
1677
1681
1684
1685
1686
1688
1690
1693
1696
1698
171
1703
1705
1706
1709
172
1718
1721
174
1738
1742
175
1749
1762
178
1778
1789
1791
1800
1825
1832
1834
1851
1867
1888
19
1892
1900
1903
1905
1909
1914
1916
1923
1924
1940
1943
1947
1952
1959
1978
1979
1980
1983
1984
1985
1988
1991
1992
1993
1994
2000
