2006
2008
2010
2021
2023
2024
2027
2029
2031
2036
2046
205
2069
2076
2096
210
2108
2113
2116
212
2126
2131
2135
2139
2143
2152
2162
2174
218
2180
2187
2203
2210
2217
2251
2260
2261
228
2315
2326
2343
2345
2354
2358
2370
2374
2389
240
2416
2423
2430
2444
2445
2448
2450
2452
2453
246
2465
2469
2472
2473
2477
2478
2479
2481
2487
2490
2492
2514
255
2550
2554
2561
2572
2573
2580
2581
2582
2589
2591
2597
2598
2599
2607
2610
2611
2632
265
2644
2651
2652
2665
2666
268
2685
2688
2697
2699
2708
2721
2726
2727
2730
2731
2732
2733
2735
2738
2740
2741
276
2769
28
2783
2793
2798
2799
2802
2807
2808
2812
2815
2816
2821
2822
2828
2831
2840
2875
2915
2942
2960
297
2978
2989
2993
3004
301
3016
3029
3032
3037
3038
3047
3055
306
3058
3061
3071
3111
3116
3125
3128
3132
3137
3138
3148
3156
3160
3167
3172
3173
3179
3185
3187
3195
3197
3208
3212
3216
3224
3225
3226
3228
3240
3246
326
3270
3273
3275
3276
3278
3279
3284
3285
3298
3301
3307
3308
3309
3311
3335
335
4
3373
3390
3394
3416
3428
3440
3443
3447
3462
3512
3515
3527
3529
3531
3539
3546
3547
357
3562
3569
3578
3582
3590
360
3598
3607
3622
3636
3643
3647
3648
3650
3660
368
3679
3682
3684
3707
3716
3725
3770
3776
3783
3787
3806
3818
382
3873
3881
3884
3892
3896
3906
3914
3921
3936
3937
3940
3959
3964
3969
398
3978
3984
3985
4000
4009
402
4026
4028
403
4048
4049
4051
4052
4053
4055
4069
4108
4111
4114
413
4144
416
4160
4165
4172
4174
4179
4188
4190
4199
4216
4218
4222
4244
4265
4267
4277
4410
454
457
458
464
470
481
488
491
497
501
502
507
508
525
538
541
557
558
560
563
567
569
588
590
592
619
622
627
628
63
640
645
66
659
665
680
688
702
734
736
744
747
749
750
752
753
774
779
782
790
794
798
801
805
812
815
818
822
823
829
833
835
836
849
855
861
862
864
884
886
887
888
896
954
96
965
978
99
981
982
1006
1014
1021
1055
1062
1068
111
1104
1114
1121
1124
1128
1129
1130
1132
1140
1142
1152
116
1161
1163
1172
1174
1186
1187
1203
1205
1215
1218
1219
1223
1227
1232
1250
1257
1258
1263
1273
1274
1279
1309
1311
1315
1317
1319
1326
1344
1357
1366
1375
1376
1381
1421
1423
1435
1438
1443
1484
1487
1491
1492
1519
1531
1535
1539
1546
1548
155
1554
1555
1568
1587
1588
160
1618
1623
164
1652
1654
1660
1665
167
1667
1668
1687
1701
1707
1721
1722
1733
1742
1750
1762
180
1795
181
1805
1808
1810
1816
1817
1823
1825
1843
1852
1854
1856
1858
1861
1863
1864
1878
1880
1881
1891
1894
1895
1896
1897
1898
1910
1926
1933
1934
1950
1956
1971
1975
1976
1978
